166
196
49
9
14
88
27
72
89
205
53
36
247
125
235
182
198
128
30
159
257
73
80
262
263
50
140
177
6
38
77
245
183
94
162
71
202
62
155
136
31
229
135
157
83
55
28
218
195
252
141
95
215
129
120
132
102
15
241
258
156
254
97
130
121
63
143
193
127
242
39
122
191
47
84
174
239
43
20
208
52
2
113
264
139
173
124
87
90
150
131
114
109
246
243
92
248
192
41
148
171
147
170
82
219
70
98
67
178
186
181
33
169
211
189
21
153
227
226
210
60
154
119
111
158
61
86
176
69
244
224
197
35
188
1
112
260
108
231
163
164
65
138
168
117
40
91
45
160
57
76
7
42
237
228
212
253
59
221
16
3
56
118
101
161
75
167
209
4
179
149
194
225
238
265
146
26
240
22
230
255
78
216
123
175
249
44
11
23
151
142
223
137
250
144
17
100
185
19
259
29
134
68
107
203
256
106
46
180
187
79
25
213
220
66
145
165
172
32
201
115
81
232
217
13
85
222
204
64
126
214
37
74
236
233
99
96
10
200
190
207
206
24
12
93
152
58
34
251
234
261
18
54
5
116
48
51
133
184
8