76
226
56
62
156
262
13
90
137
208
119
61
115
5
145
223
17
89
129
144
148
159
18
94
40
124
149
112
180
8
15
43
25
198
102
184
75
79
228
48
211
218
225
136
174
194
24
47
74
85
235
29
167
93
250
80
31
46
221
33
130
222
252
77
95
123
69
212
210
99
256
203
232
207
190
22
141
164
230
234
44
127
106
191
139
206
175
253
242
177
243
126
49
108
140
265
125
120
176
87
135
170
233
236
259
65
157
183
172
111
143
224
36
34
195
55
3
248
73
19
166
229
128
23
21
246
51
147
88
131
27
152
196
240
241
117
67
81
57
142
260
38
254
227
187
116
91
83
39
188
255
53
133
161
249
258
58
160
204
50
244
37
60
122
54
72
181
134
165
217
220
214
68
169
168
14
200
178
199
70
239
146
86
12
16
171
6
150
101
84
193
11
155
9
107
162
238
264
192
158
78
71
251
10
35
231
215
219
100
197
247
96
121
20
245
42
182
261
30
114
209
263
82
52
173
154
41
132
237
213
109
26
186
92
7
189
216
59
201
151
97
66
179
205
32
202
118
113
45
28
163
63
153
185
1
4
138
64
98
257